
                     ----------Merging statistics----------                    

Resolution: 33.06 - 1.65
Observations: 429943
Unique reflections: 37130
Redundancy: 11.6
Completeness: 99.23%
Mean intensity: 950.6
Mean I/sigma(I): 14.9
R-merge: 0.078
R-meas:  0.081
R-pim:   0.024

Redundancies (non-anomalous):
  1 : 76
  2 : 235
  3 : 343
  4 : 776
  5 : 813
  6 : 1451
  7 : 1801
  8 : 1973
  9 : 1425
  10 : 1948
  11 : 2838
  12 : 4731
  13 : 6196
  14 : 6953
  15 : 3219
  16 : 2352

  Statistics by resolution bin:
 d_max  d_min   #obs  #uniq   mult.  %comp       <I>  <I/sI>    r_mrg   r_meas    r_pim   cc1/2   cc_ano
 33.06   4.48  22451   2086   10.76 100.00    5567.7    37.2    0.050    0.053    0.015   0.998  -0.331
  4.48   3.55  20404   1941   10.51 100.00    5206.9    37.1    0.060    0.063    0.019   0.997  -0.263
  3.55   3.10  21893   1913   11.44  99.95    2655.6    34.1    0.066    0.069    0.020   0.998  -0.268
  3.10   2.82  20446   1891   10.81  99.84    1394.0    28.3    0.071    0.075    0.022   0.997  -0.210
  2.82   2.62  21923   1879   11.67 100.00     721.3    23.7    0.083    0.087    0.025   0.998  -0.257
  2.62   2.46  22333   1864   11.98  99.84     581.6    21.9    0.090    0.094    0.027   0.997  -0.268
  2.46   2.34  22783   1879   12.13  99.89     413.9    18.6    0.106    0.111    0.031   0.997  -0.286
  2.34   2.24  20540   1848   11.11  99.68     344.2    16.0    0.126    0.132    0.040   0.995  -0.087
  2.24   2.15  21938   1850   11.86  99.68     272.0    14.2    0.148    0.155    0.044   0.995  -0.208
  2.15   2.08  22747   1859   12.24  99.73     215.8    12.4    0.179    0.186    0.053   0.993  -0.150
  2.08   2.01  22854   1832   12.47  99.62     170.1    10.6    0.216    0.226    0.063   0.991  -0.113
  2.01   1.96  23003   1846   12.46  99.41     121.8     8.4    0.279    0.290    0.081   0.984  -0.113
  1.96   1.90  20813   1822   11.42  99.56      92.5     6.7    0.345    0.361    0.105   0.973  -0.075
  1.90   1.86  21701   1839   11.80  99.08      66.8     5.4    0.439    0.459    0.132   0.958  -0.083
  1.86   1.82  22161   1823   12.16  99.29      45.2     4.2    0.584    0.609    0.172   0.926  -0.131
  1.82   1.78  22446   1830   12.27  99.35      34.5     3.4    0.712    0.743    0.209   0.880  -0.131
  1.78   1.74  22287   1801   12.37  99.01      23.9     2.6    0.911    0.950    0.266   0.807  -0.093
  1.74   1.71  22508   1823   12.35  98.54      19.3     2.1    1.075    1.121    0.313   0.729  -0.118
  1.71   1.68  18899   1759   10.74  97.29      15.8     1.6    1.277    1.340    0.401   0.666  -0.122
  1.68   1.65  15813   1745    9.06  93.82      12.8     1.1    1.582    1.677    0.538   0.450   0.029
 33.06   1.65 429943  37130   11.58  99.23     950.6    14.9    0.078    0.081    0.024   0.999  -0.261
